Res1 DensityRes1
2 0.000
3 0.000
4 2.664
5 1.027
6 3.926
7 2.676
8 3.472
9 4.296
10 0.988
11 2.986
12 3.172
13 2.006
14 4.264
15 0.803
16 0.809
17 0.000
18 0.832
19 2.000
20 0.293
21 0.000
22 0.050
23 0.006
24 0.000
25 0.016
26 2.306
27 0.032
28 3.890
29 3.361
30 3.800
31 5.406
32 5.198
33 3.863
34 4.252
35 1.064
36 0.008
37 4.935
38 3.842
39 2.712
40 3.712
41 4.054
42 0.294
43 2.730
44 2.999
45 1.971
46 2.112
47 0.000
48 1.640
49 1.720
50 3.315
51 1.001
52 1.994
53 1.661
54 2.403
55 1.576
56 0.000
57 2.973
58 0.000
59 0.000
60 1.681
61 2.004
62 3.893
63 1.354
64 0.000
65 0.419
66 1.304
67 2.993
68 1.684
69 1.998
70 0.510
71 0.067
72 1.091
73 1.995
74 0.007
75 0.969
76 1.892
77 0.215
78 0.000
79 1.000
80 0.000
81 1.105
82 0.998
83 0.001
84 1.001
85 0.010
86 3.997
87 3.353
88 4.872
89 5.758
90 2.013
91 3.227
92 5.342
93 2.851
94 5.229
95 1.254
96 1.455
97 2.004
98 0.000
99 0.000
100 0.000
101 1.007
102 0.000
103 0.000
104 0.005
105 1.998
106 0.000
107 1.992
108 4.498
109 1.002
110 2.889
111 1.997
112 2.940
113 0.836
114 0.017
115 0.000
116 2.854
117 1.997
118 0.580
119 0.000
120 0.000
121 0.000
130 0.000
131 0.000
132 0.000
133 0.926
134 0.017
135 1.003
136 0.998
137 4.736
138 1.510
139 3.434
140 2.510
141 0.998
142 0.873
143 2.985
144 2.487
145 1.385
146 3.889
147 4.843
148 4.535
149 3.257
150 2.226
151 5.286
152 1.708
153 2.963
154 5.056
155 1.000
156 0.000
157 1.997
158 0.575
159 0.000
160 1.730
161 0.000
162 3.716
163 0.641
164 0.997
165 1.994
166 2.868
167 4.758
168 0.944
169 0.000
170 1.940
171 0.271
172 0.000
173 1.000
174 3.165
175 0.997
176 0.105
177 1.000
178 0.979
179 0.001
180 3.996
181 0.000
182 0.000
183 0.000
184 2.103
185 0.850
186 0.000
187 0.856
188 2.943
189 1.426
190 1.000
191 1.072
192 3.990
193 2.755
194 1.978
195 2.275
196 0.970
197 1.801
198 2.898
199 1.030
200 0.000
201 0.299
202 0.000
203 0.000
204 1.062
205 0.001
206 0.000
207 0.999
208 1.000
209 0.980
210 0.000
211 0.986
212 1.424
213 1.158
214 0.029
215 0.091
216 1.078
217 0.995
218 1.548
219 3.597
220 4.928
221 4.041
222 2.026
223 1.378
224 5.343
225 2.006
226 1.833
227 4.626
228 4.792
229 1.996
230 3.188
231 3.307
232 0.971
233 0.286
234 1.770
235 0.064
236 3.016
237 4.892
238 4.662
239 4.150
240 2.041
241 3.372
242 1.002
243 1.597
244 2.992
245 2.033
246 1.996
247 5.859
248 2.874
249 5.561
250 4.000
251 2.981
252 3.324
253 5.226
254 0.000
255 0.000
256 0.000
257 0.000
258 0.000
259 0.000
260 0.000
261 0.000
262 0.096
263 0.000
264 0.109
265 4.868
266 2.950
267 4.711
268 3.303
269 2.757
270 3.893
271 2.999
272 1.003
273 1.855
274 0.000
275 0.000
276 0.014
277 0.000
278 2.785
279 0.838
280 3.874
281 2.932
282 2.326
283 3.526
284 0.522
285 1.068
286 0.020
287 0.002
288 2.080
289 0.000
290 0.000
291 1.000
292 1.005
293 0.000
294 1.000
295 2.193
296 0.000
297 0.000
298 0.008
299 0.000
300 0.000
301 0.000
302 0.000
303 0.000
304 0.000
305 0.000
306 0.000
315 0.000
316 0.000
317 0.000
318 0.096
319 0.007
320 2.646
321 1.269
322 1.025
323 2.034
324 2.438
325 2.348
326 3.548
327 4.336
328 4.737
329 5.695
330 3.615
331 2.798
332 1.278
333 1.242
334 0.001
335 0.000
336 0.000
337 0.000
338 0.013
339 0.000
340 1.001
341 0.584
342 1.129
343 3.048
344 4.529
345 4.738
346 3.352
347 1.046
348 1.979
349 2.886
